17.68986 -38.91502 -92.91204 0.21696 42.89459 -59.20627 -75.03738 82.39604 39.73443 -98.10740 -46.26692 38.33317 17.56194 -97.63600 10.09975 6.41839 -7.07933 -88.99597 69.66916 8.01390
60.91346 -37.55898 17.21407 82.59946 -61.67144 -37.09352 -56.45123 14.99794 95.83085 -98.54439 76.47596 6.34957 -74.42533 3.60735 41.11654 -6.42157 -82.85466 74.57011 99.49988 -45.48432
8.91065 -14.76983 7.44744 -25.58143 -84.18855 -54.03179 34.84003 -57.13975 77.36692 -70.96262 3.67779 74.53107 38.43127 -73.38818 -11.82460 24.23532 90.47831 -16.67439 89.15161 -55.48656
9.10861 81.91450 -79.89813 35.54300 -88.04919 94.43662 -35.34758 -78.87092 -38.92411 -10.07937 -70.55004 58.68781 -33.10689 58.87480 -90.09073 -26.81717 -1.67641 -97.68416 84.37916 -51.14708
-58.65314 88.14245 29.47944 -77.59657 -44.65649 -46.84896 87.95971 52.16877 29.93766 72.65366 -73.20138 95.49281 98.09965 13.85798 58.94770 -51.09421 -39.41581 10.41169 -77.29773 -25.31727
-51.81678 -91.88506 5.47187 81.04205 48.30658 -37.02645 58.04714 -28.37481 -20.25041 31.32157 -54.68723 -78.04280 -69.99853 7.52171 -12.43970 38.77391 -34.06752 73.97107 28.64976 -60.41547
-59.79834 99.38782 49.44545 44.27594 22.59956 -16.73952 -67.54807 -63.28432 -44.31185 71.14410 75.19828 -96.26334 46.72956 -54.68042 -62.25798 -96.78182 7.05526 70.76680 -99.76185 69.63642
-75.92638 -50.48149 13.57198 74.43477 1.72624 -69.43919 -53.47274 -12.24770 18.83269 -37.82844 -55.57336 34.45509 -64.45853 -44.06935 -91.43371 -44.39512 80.80747 -49.97746 -1.91175 -31.84301
-95.38718 5.18188 48.99567 5.24742 -65.98702 -65.84361 -94.07213 -99.31298 -13.95271 -99.15148 -16.47354 29.51912 13.67689 20.45649 -8.81921 -86.83599 -46.67346 -67.66999 39.92421 -65.19115
-59.56911 21.35631 -50.60732 26.17530 20.55109 93.78984 0.31800 70.66046 77.11075 58.15366 -59.70798 -95.80312 97.20165 13.41251 -89.89009 56.69607 77.42586 13.18049 -70.75194 33.29642
36.69276 -70.88544 -19.95013 86.02897 -2.13190 -24.04214 92.62097 15.70506 -21.10248 -3.27889 74.74747 -89.51508 -41.60872 -61.80982 8.82715 30.49049 -21.30403 -69.17347 -9.34143 98.59041
-99.86193 40.25698 -35.34476 45.17962 11.60529 -29.69132 21.08020 -9.02654 55.13263 90.16169 63.45261 -30.67851 -79.98991 69.12378 -79.78288 -42.11901 1.35406 12.89930 -23.17257 47.06153
-66.71722 77.67879 -64.79430 -35.47129 41.17233 9.69764 1.26563 -53.68018 97.46141 -5.45066 2.09203 -42.95652 80.11997 -22.94764 78.57887 70.67013 -96.86674 15.59152 -91.90096 38.51365
74.24415 -68.16804 -53.93551 24.27530 -92.47418 81.90848 -48.96232 0.12094 80.17103 -64.37351 -46.30328 59.74568 82.72995 -84.29446 76.57253 28.83381 -92.31305 -10.62444 49.70759 79.68286
81.09899 -1.80187 -48.34983 -41.52342 58.22280 -7.61889 0.01041 -60.44936 -54.71958 -23.92318 -60.46119 -1.58014 99.48378 -38.28392 74.44768 39.43608 78.03624 29.34129 -74.80636 -47.79865
-99.68453 28.24384 16.01590 8.15855 38.12820 -59.87101 -35.01175 -94.97366 70.72065 8.73328 -71.45835 -6.96722 62.44044 -83.58836 -25.20969 -38.35115 -73.25617 70.82559 41.09177 -43.67400
47.89052 -41.10837 51.61795 -78.12738 -75.10173 41.76774 -6.90921 14.70190 -37.98030 60.83964 -12.41095 -14.61906 56.07538 95.07970 -66.20355 -73.21492 -13.44054 -40.15963 35.29268 -72.32017
15.11234 5.60179 -92.42383 -99.68497 -76.39544 39.56031 64.78509 -52.55428 -76.66663 24.21549 -59.79092 -65.91755 -82.59581 -99.61381 99.50725 32.39736 64.37804 90.42456 10.07086 61.46050
-1.27237 -22.16572 -87.50737 -38.42142 -68.09141 7.08130 58.68199 -17.01147 8.67543 -26.82528 -2.81909 -16.59089 61.49719 -18.28136 93.87241 -75.37457 23.68244 -67.57184 74.16406 -45.86058
-57.22441 38.88150 -55.75219 -2.70315 82.38083 97.05559 51.91126 -7.42669 -67.80619 -17.33233 43.25376 80.32825 38.27977 59.95131 0.85797 -98.52643 -5.95180 -23.14357 -75.10904 78.07788
1 2 3 4 5 6 7 8 9 10 11 12 13 14 15 16 17 18 19 20