-9 -5 -5 -1 -9 -9 2 2 -2 6 4 -8 -5 9 -1 -3 5 4 -4 -6
-2 6 8 -5 -7 -4 -2 3 -5-7 -5 -5 6-9 -1 -7 -4 -3 -6 -3
4.658 -3.985 -9.876 -4.357 -6.005 -0.042 -0.647 5.515 6.264 4.706 0.116 -0.833 7.175 3.121 -2.952 -3.453 -5.231 7.911 4.789 -4.885
-6.573 4.564 -0.286 6.551 -2.16 8.744 9.428 -6.597 -0.497 -2.069 -8.164 7.012 -1.744 2.697 0.948 8.042 8.465 8.997 5.549 8.449
-2.162 -2.674 4.568 5.629 9.294 -2.388 -8.333 6.084 -9.009 -1.039 -1.009 -8.404 7.213 1.231 1.451 0.41 -0.908 6.155 1.214 -0.075
-3.239 -3.225 -1.721 2.156 -1.081 -9.576 6.101 -1.496 -3.696 8.914 9.239 -3.334 -7.95 5.589 -2.761 5.146 -9.077 -1.454 1.132 7.761
-1.489 8.971 2.845 5.415 1.042 -8.534 9.497 -2.367 -0.627 -7.158 -5.664 -1.475 -4.424 -8.923 -9.449 -3.711 -6.527 0.375 -2.812 -4.434
4.688 0.047 -0.249 4.931 5.164 5.642 -5.788 5.264 -1.831 -2.391 -9.918 2.163 -5.206 8.25 -2.196 5.434 6.74 7.876 8.958 6.604
6.931 6.072 4.904 8.141 6.474 4.512 -3.313 -1.143 7.45 8.171 -6.056 2.195 9.738 3.824 -1.076 -6.906 -9.515 5.879 -4.176 5.285
-8.797 5.233 -5.746 6.361 -9.219 -7.173 2.747 0.855 -3.267 2.498 -1.77 -1.038 -3.292 7.757 3.975 4.848 6.789 8.69 -8.87 7.525
0.72 -0.562 6.138 9.968 -4.944 -5.573 8.88 2.34 6.256 -8.002 3.134 -8.681 -1.497 5.727 -9.161 0.65 -8.22 5.693 1.685 3.94
0.717 -4.327 5.713 -6.767 3.03 6.067 4.95 -1.754 -6.305 7.189 -5.306 7.76 -4.038 0.484 -4.205 -1.884 6.393 5.725 8.4 3.867
0.477 0.501 5.097 -2.357 8.205 -7.971 3.136 -5.802 5.01 -7.003 -0.555 -6.415 -1.595 -9.998 -6.235 -9.575 6.735 2.026 -1.64 -6.07
2.56 -5.191 -1.561 -6.441 -7.458 -4.756 5.043 -7.466 -4.614 9.967 3.285 -9.927 9.488 -9.76 5.173 -9.384 5.59 4.825 4.038 -8.186
-1.314 4.192 5.25 4.175 7.557 0.482 -7.969 -2.31 9.659 -6.301 0.041 -0.063 4.42 7.917 -4.308 -3.342 -5.916 5.663 6.786 8.092
-0.377 -6.97 6.16 -6.488 -1.083 9.762 -1.408 9.809 -8.855 7.2 4.322 -7.883 -9.954 -6.125 0.617 3.189 -0.616 -5.016 4.762 3.013
-4.272 6.268 -6.756 0.136 -4.933 -7.676 -0.519 3.958 1.506 9.162 7.252 -6.279 -7.616 9.062 1.162 9.09 0.663 -1.36 0.72 3.439
8.513 -3.501 5.719 -2.18 4.374 4.042 5.075 3.469 4.7 0.679 -7.976 -4.92 -3.18 -6.105 -3.238 2.916 3.376 -6.15 7.438 9.111
-0.361 8.038 7.07 8.395 7.663 -5.188 9.455 4.1 8.721 6.344 -5.958 9.574 -3.037 -2.785 -0.231 -2.475 -7.684 0.693 -1.718 4.406
6.806 -1.517 5.228 8.642 5.564 5.167 -5.6 -3.826 7.287 -5.21 3.281 4.327 -7.97 -1.126 -1.539 8.648 -0.575 6.712 -0.771 5.62
-65.82873 155.41341 -164.95748 -17.25932 226.37656 -243.70707 132.04155 -80.5388 125.93826 -155.95495 -192.91291 122.62214 201.9188 107.25381 -51.97083 -92.07479 -404.47375 -145.56186 80.38512 -93.52175